   5.8000000e+01
   4.7400000e+00
   2.0140000e+01
   2.4600000e+01
   1.0824000e+02
   1.2520000e+02
   1.3920000e+02
   1.4750000e+02
   1.6562000e+02
   1.7830000e+02
   2.1528000e+02
   2.2968000e+02
   2.6166000e+02
   2.6970000e+02
   2.7366000e+02
   2.8714000e+02
   2.9736000e+02
   3.0190000e+02
   3.1636000e+02
   3.2024000e+02
   3.4516000e+02
   3.4876000e+02
   3.5622000e+02
   3.7830000e+02
   3.8612000e+02
   3.9106000e+02
   4.3730000e+02
   4.4628000e+02
   4.5090000e+02
   4.5628000e+02
   4.6030000e+02
   4.8816000e+02
   4.9232000e+02
   5.0988000e+02
   5.2576000e+02
   5.3316000e+02
   5.6228000e+02
   5.7236000e+02
   5.8238000e+02
   5.8812000e+02
   6.2582000e+02
   6.3970000e+02
   6.6310000e+02
   6.7082000e+02
   7.2726000e+02
   7.6184000e+02
   7.7862000e+02
   7.8760000e+02
   8.0994000e+02
   8.3600000e+02
   8.4160000e+02
   8.5152000e+02
   8.6164000e+02
   8.7110000e+02
   9.0312000e+02
   9.1776000e+02
   9.3044000e+02
   9.4460000e+02
   9.4822000e+02
