   1.0300000e+02
   5.8140000e+01
   2.8060000e+02
   2.9204000e+02
   3.3172000e+02
   4.0556000e+02
   5.1800000e+02
   5.4142000e+02
   6.5018000e+02
   7.1696000e+02
   9.1812000e+02
   1.0056200e+03
   1.0182000e+03
   1.1137400e+03
   1.2024200e+03
   1.2776800e+03
   1.3370400e+03
   1.3494400e+03
   1.3764000e+03
   1.5320000e+03
   1.6915400e+03
   1.8327000e+03
   1.9667400e+03
   2.0292800e+03
   2.1121800e+03
   2.3712200e+03
   2.4243800e+03
   2.5126600e+03
   2.7839000e+03
   2.9070200e+03
   2.9673400e+03
   2.9835800e+03
   3.1457600e+03
   3.3475400e+03
   3.4689200e+03
   3.7233800e+03
   4.0148600e+03
   4.0184000e+03
   4.1289000e+03
   4.1335400e+03
   4.5397200e+03
   4.5471000e+03
   4.5801400e+03
   4.5931800e+03
   4.7590400e+03
   4.7692600e+03
   4.8692400e+03
   4.9914200e+03
   4.9984400e+03
   5.0621600e+03
   5.0817800e+03
   5.1188600e+03
   5.1608200e+03
   5.2479800e+03
   5.3272200e+03
   5.4507000e+03
   5.4971000e+03
   5.5350000e+03
   5.6111600e+03
   5.9504400e+03
   6.1454600e+03
   6.1591600e+03
   6.3227600e+03
   6.6360400e+03
   6.8229200e+03
   6.8481200e+03
   6.9468200e+03
   7.0466600e+03
   7.0825200e+03
   7.0870000e+03
   7.0956000e+03
   7.1028800e+03
   7.1275600e+03
   7.2040400e+03
   7.2446600e+03
   7.2780600e+03
   7.4114400e+03
   7.4813600e+03
   7.4859800e+03
   7.5445200e+03
   7.5491000e+03
   7.5767400e+03
   7.6251200e+03
   7.8083600e+03
   7.8131600e+03
   7.9656800e+03
   8.0685600e+03
   8.0746800e+03
   8.0928400e+03
   8.1557200e+03
   8.4716000e+03
   8.5846800e+03
   8.8183000e+03
   9.0999200e+03
   9.1842000e+03
   9.3025800e+03
   9.3281200e+03
   9.3345000e+03
   9.6537200e+03
   9.7017200e+03
   9.8115200e+03
   9.9257400e+03
   9.9309800e+03
   9.9365800e+03
