   1.1680000e+03
   3.4400000e+00
   3.4600000e+01
   1.3726000e+02
   1.4796000e+02
   1.5516000e+02
   1.7914000e+02
   2.2244000e+02
   2.4304000e+02
   2.4746000e+02
   2.5292000e+02
   2.7364000e+02
   3.2446000e+02
   3.3692000e+02
   3.5542000e+02
   3.7120000e+02
   3.9944000e+02
   4.0602000e+02
   4.1086000e+02
   4.6372000e+02
   4.6728000e+02
   4.7470000e+02
   5.2248000e+02
   5.4714000e+02
   5.9256000e+02
   5.9888000e+02
   6.2658000e+02
   6.3276000e+02
   6.6838000e+02
   7.0562000e+02
   7.2440000e+02
   7.3248000e+02
   7.6312000e+02
   7.9568000e+02
   8.0040000e+02
   8.0498000e+02
   8.2496000e+02
   8.3034000e+02
   8.3832000e+02
   8.7884000e+02
   8.8786000e+02
   8.9550000e+02
   9.0786000e+02
   9.1892000e+02
   9.3158000e+02
   9.3598000e+02
   9.4280000e+02
   9.4720000e+02
   9.6432000e+02
   9.8242000e+02
   9.8646000e+02
   1.0135000e+03
   1.0211200e+03
   1.0688600e+03
   1.0842000e+03
   1.1205200e+03
   1.1350800e+03
   1.1700400e+03
   1.1942800e+03
   1.1974400e+03
   1.2008000e+03
   1.2090200e+03
   1.2521000e+03
   1.2778400e+03
   1.2948000e+03
   1.2993800e+03
   1.3529200e+03
   1.3634800e+03
   1.3691600e+03
   1.4152200e+03
   1.4323600e+03
   1.4419200e+03
   1.4611200e+03
   1.4677400e+03
   1.4877600e+03
   1.5147000e+03
   1.5224200e+03
   1.5354200e+03
   1.5669600e+03
   1.5766200e+03
   1.5827200e+03
   1.5888800e+03
   1.6396200e+03
   1.6607200e+03
   1.6692800e+03
   1.6779400e+03
   1.6942400e+03
   1.7304800e+03
   1.7345400e+03
   1.7389400e+03
   1.7676600e+03
   1.7820000e+03
   1.7882200e+03
   1.7944000e+03
   1.8360800e+03
   1.8540200e+03
   1.8648800e+03
   1.8708200e+03
   1.8893000e+03
   1.8944400e+03
   1.9396000e+03
   1.9597800e+03
   1.9681600e+03
   1.9853200e+03
   1.9891600e+03
   1.9984800e+03
   2.0259800e+03
   2.0417600e+03
   2.0643600e+03
   2.0753600e+03
   2.1069200e+03
   2.1159600e+03
   2.1257600e+03
   2.1546600e+03
   2.1633200e+03
   2.1688000e+03
   2.1737600e+03
   2.1959800e+03
   2.2069600e+03
   2.2270600e+03
   2.2606800e+03
   2.2769600e+03
   2.3189800e+03
   2.3405200e+03
   2.3511800e+03
   2.3580200e+03
   2.3714600e+03
   2.3861200e+03
   2.3977000e+03
   2.4157400e+03
   2.4385000e+03
   2.4655800e+03
   2.4756800e+03
   2.4927400e+03
   2.5031400e+03
   2.5075400e+03
   2.5156800e+03
   2.5215200e+03
   2.5416200e+03
   2.5534400e+03
   2.5706200e+03
   2.5847000e+03
   2.5964200e+03
   2.6517800e+03
   2.6751400e+03
   2.6837400e+03
   2.7060600e+03
   2.7191400e+03
   2.7441800e+03
   2.7913800e+03
   2.8054600e+03
   2.8167000e+03
   2.8255400e+03
   2.8360400e+03
   2.8417800e+03
   2.8624800e+03
   2.8749400e+03
   2.9065400e+03
   2.9117800e+03
   2.9227400e+03
   2.9390400e+03
   2.9434800e+03
   2.9576800e+03
   2.9791200e+03
   2.9855600e+03
   2.9986800e+03
   3.0046600e+03
   3.0361800e+03
   3.0476800e+03
   3.0616000e+03
   3.0775800e+03
   3.0867600e+03
   3.0952800e+03
   3.1125200e+03
   3.1275000e+03
   3.1459200e+03
   3.1822800e+03
   3.2008800e+03
   3.2214800e+03
   3.2316400e+03
   3.2400200e+03
   3.2436400e+03
   3.2577000e+03
   3.2647600e+03
   3.2789600e+03
   3.2842200e+03
   3.3135600e+03
   3.3337600e+03
   3.3450600e+03
   3.3549800e+03
   3.3600400e+03
   3.3653400e+03
   3.3875800e+03
   3.3951400e+03
   3.4250600e+03
   3.4318000e+03
   3.4357200e+03
   3.4505600e+03
   3.5301800e+03
   3.5569000e+03
   3.5843600e+03
   3.5879000e+03
   3.6108200e+03
   3.6143200e+03
   3.6617800e+03
   3.6727200e+03
   3.6768200e+03
   3.6900200e+03
   3.7270200e+03
   3.7412400e+03
   3.7528000e+03
   3.7593800e+03
   3.7629600e+03
   3.7688400e+03
   3.7753200e+03
   3.7837600e+03
   3.8047000e+03
   3.8163400e+03
   3.8345600e+03
   3.8815600e+03
   3.8942400e+03
   3.8992600e+03
   3.9136600e+03
   3.9213800e+03
   3.9802600e+03
   3.9941400e+03
   3.9988400e+03
   4.0037000e+03
   4.0234400e+03
   4.0306200e+03
   4.0593200e+03
   4.0798800e+03
   4.0881200e+03
   4.0912600e+03
   4.0978200e+03
   4.1057000e+03
   4.1088600e+03
   4.1148200e+03
   4.1282800e+03
   4.1448600e+03
   4.1671200e+03
   4.2070800e+03
   4.2134200e+03
   4.2280800e+03
   4.2404400e+03
   4.2524800e+03
   4.2643600e+03
   4.2722000e+03
   4.2979200e+03
   4.3114200e+03
   4.3266400e+03
   4.3408800e+03
   4.3642200e+03
   4.3860200e+03
   4.3939600e+03
   4.4438800e+03
   4.4649600e+03
   4.5267800e+03
   4.5522000e+03
   4.5606600e+03
   4.5976400e+03
   4.6008800e+03
   4.6170600e+03
   4.6251000e+03
   4.6412800e+03
   4.6498000e+03
   4.6701000e+03
   4.6888000e+03
   4.7176000e+03
   4.7220600e+03
   4.7278000e+03
   4.7356200e+03
   4.7387600e+03
   4.7660000e+03
   4.7714400e+03
   4.8017400e+03
   4.8376000e+03
   4.8520200e+03
   4.8768400e+03
   4.8821600e+03
   4.9162400e+03
   4.9335400e+03
   4.9386000e+03
   4.9766000e+03
   4.9955000e+03
   5.0126000e+03
   5.0159800e+03
   5.0422600e+03
   5.0465800e+03
   5.1349200e+03
   5.1431800e+03
   5.1552600e+03
   5.1699400e+03
   5.1785200e+03
   5.1863200e+03
   5.2180000e+03
   5.2295400e+03
   5.2501200e+03
   5.2549200e+03
   5.2579400e+03
   5.2941000e+03
   5.3034200e+03
   5.3079400e+03
   5.3115200e+03
   5.3158400e+03
   5.3256200e+03
   5.3375400e+03
   5.3534200e+03
   5.3626400e+03
   5.3763000e+03
   5.3835000e+03
   5.3894000e+03
   5.3956200e+03
   5.4120400e+03
   5.4352800e+03
   5.4492200e+03
   5.4561800e+03
   5.4627800e+03
   5.4940000e+03
   5.5133400e+03
   5.5177400e+03
   5.5222800e+03
   5.5291800e+03
   5.5763000e+03
   5.5878400e+03
   5.5930600e+03
   5.5995600e+03
   5.6278200e+03
   5.6509000e+03
   5.7102400e+03
   5.7248000e+03
   5.7387400e+03
   5.7523000e+03
   5.7648600e+03
   5.7729400e+03
   5.7937200e+03
   5.7990400e+03
   5.8042400e+03
   5.8522800e+03
   5.8599600e+03
   5.8725600e+03
   5.8877800e+03
   5.8919400e+03
   5.9145000e+03
   5.9237600e+03
   6.0198800e+03
   6.0247200e+03
   6.0461800e+03
   6.0523400e+03
   6.0615800e+03
   6.0664600e+03
   6.0697000e+03
   6.0846400e+03
   6.0894800e+03
   6.0993400e+03
   6.1220000e+03
   6.1291200e+03
   6.1356800e+03
   6.1583200e+03
   6.1626200e+03
   6.1979200e+03
   6.2031400e+03
   6.2400400e+03
   6.2451200e+03
   6.2493600e+03
   6.2871000e+03
   6.2930200e+03
   6.2987400e+03
   6.3051600e+03
   6.3103200e+03
   6.3238400e+03
   6.3696200e+03
   6.3787600e+03
   6.3850400e+03
   6.3897000e+03
   6.4143400e+03
   6.4397000e+03
   6.4562800e+03
   6.4683200e+03
   6.4814600e+03
   6.4847600e+03
   6.4926600e+03
   6.5274600e+03
   6.5329200e+03
   6.5377800e+03
   6.5820800e+03
   6.6016400e+03
   6.6294600e+03
   6.6338800e+03
   6.6565400e+03
   6.6622200e+03
   6.6768800e+03
   6.7143600e+03
   6.7597800e+03
   6.7703000e+03
   6.7894200e+03
   6.7982200e+03
   6.8172000e+03
   6.8477400e+03
   6.8643800e+03
   6.8778600e+03
   6.9190800e+03
   6.9310400e+03
   6.9700600e+03
   6.9818800e+03
   6.9979800e+03
   7.0473400e+03
   7.0642000e+03
   7.0821800e+03
   7.1082800e+03
   7.1154000e+03
   7.1239800e+03
   7.1341600e+03
   7.1518600e+03
   7.1632400e+03
   7.1805200e+03
   7.1849000e+03
   7.1887800e+03
   7.1974600e+03
   7.2072600e+03
   7.2375200e+03
   7.2657600e+03
   7.2781200e+03
   7.2874600e+03
   7.2912000e+03
   7.2956200e+03
   7.3011800e+03
   7.3121400e+03
   7.3228000e+03
   7.3304800e+03
   7.3543200e+03
   7.3577400e+03
   7.3633400e+03
   7.3765600e+03
   7.3865400e+03
   7.4245800e+03
   7.4523600e+03
   7.4561600e+03
   7.4860800e+03
   7.4959400e+03
   7.5209400e+03
   7.5275800e+03
   7.5457400e+03
   7.5919400e+03
   7.6214400e+03
   7.6547600e+03
   7.6712000e+03
   7.6938800e+03
   7.6982800e+03
   7.7168000e+03
   7.7369200e+03
   7.7465200e+03
   7.7675000e+03
   7.7970600e+03
   7.8171200e+03
   7.8295600e+03
   7.8498600e+03
   7.8545600e+03
   7.8724600e+03
   7.8774400e+03
   7.9142400e+03
   7.9300000e+03
   7.9437600e+03
   7.9489600e+03
   7.9577200e+03
   7.9610400e+03
   8.0336600e+03
   8.0383000e+03
   8.0569000e+03
   8.0767800e+03
   8.0817400e+03
   8.0897200e+03
   8.0950400e+03
   8.1167400e+03
   8.1539400e+03
   8.1648400e+03
   8.1765200e+03
   8.1928000e+03
   8.2100200e+03
   8.2150600e+03
   8.2230800e+03
   8.2405000e+03
   8.2462200e+03
   8.2806200e+03
   8.2964800e+03
   8.3222000e+03
   8.3353600e+03
   8.3776000e+03
   8.4013000e+03
   8.4380400e+03
   8.4567200e+03
   8.4712600e+03
   8.4783800e+03
   8.4882200e+03
   8.4922400e+03
   8.5160600e+03
   8.5405800e+03
   8.5934200e+03
   8.5998400e+03
   8.6147400e+03
   8.6202400e+03
   8.6354600e+03
   8.6949600e+03
   8.7180400e+03
   8.7505800e+03
   8.7681800e+03
   8.7756200e+03
   8.7802600e+03
   8.8046800e+03
   8.8262600e+03
   8.8594200e+03
   8.8722600e+03
   8.8924400e+03
   8.9067000e+03
   8.9279200e+03
   8.9317200e+03
   8.9381800e+03
   8.9439000e+03
   8.9633800e+03
   8.9712800e+03
   8.9834000e+03
   8.9934800e+03
   9.0354600e+03
   9.0743000e+03
   9.1071800e+03
   9.1339200e+03
   9.1381200e+03
   9.1786200e+03
   9.2012800e+03
   9.2161800e+03
   9.2261600e+03
   9.2297400e+03
   9.3117800e+03
   9.3183800e+03
   9.3601200e+03
   9.3838000e+03
   9.3880200e+03
   9.4140600e+03
   9.4215600e+03
   9.4336200e+03
   9.4387200e+03
   9.4500000e+03
   9.4558600e+03
   9.4786400e+03
   9.4875800e+03
   9.4948600e+03
   9.5068200e+03
   9.5136600e+03
   9.5435400e+03
   9.5757800e+03
   9.5796000e+03
   9.5945200e+03
   9.6002200e+03
   9.6322600e+03
   9.6469200e+03
   9.6693200e+03
   9.6763200e+03
   9.7052000e+03
   9.7123200e+03
   9.7166800e+03
   9.7218000e+03
   9.7473800e+03
   9.7540600e+03
   9.7669800e+03
   9.7925800e+03
   9.8351200e+03
   9.8437800e+03
   9.8689400e+03
   9.8861200e+03
   9.8905600e+03
   9.9196400e+03
   9.9329200e+03
   9.9604600e+03
   9.9773200e+03
   9.9973800e+03
   1.0014780e+04
   1.0019100e+04
   1.0025120e+04
   1.0059460e+04
   1.0088820e+04
   1.0099060e+04
   1.0109960e+04
   1.0114220e+04
   1.0151860e+04
   1.0161220e+04
   1.0176680e+04
   1.0185520e+04
   1.0237220e+04
   1.0242880e+04
   1.0282180e+04
   1.0286000e+04
   1.0313080e+04
   1.0319720e+04
   1.0323360e+04
   1.0336140e+04
   1.0344780e+04
   1.0349440e+04
   1.0363440e+04
   1.0371300e+04
   1.0383220e+04
   1.0409080e+04
   1.0413040e+04
   1.0422660e+04
   1.0428420e+04
   1.0432820e+04
   1.0436560e+04
   1.0474980e+04
   1.0482140e+04
   1.0489820e+04
   1.0495020e+04
   1.0500440e+04
   1.0507300e+04
   1.0511100e+04
   1.0516820e+04
   1.0527220e+04
   1.0530820e+04
   1.0534460e+04
   1.0543120e+04
   1.0548500e+04
   1.0558480e+04
   1.0567000e+04
   1.0571300e+04
   1.0574840e+04
   1.0581300e+04
   1.0596020e+04
   1.0599820e+04
   1.0604400e+04
   1.0623180e+04
   1.0629100e+04
   1.0633980e+04
   1.0637360e+04
   1.0654620e+04
   1.0671240e+04
   1.0682120e+04
   1.0696760e+04
   1.0710580e+04
   1.0726860e+04
   1.0750040e+04
   1.0758340e+04
   1.0771280e+04
   1.0789240e+04
   1.0799160e+04
   1.0804080e+04
   1.0849520e+04
   1.0854580e+04
   1.0862580e+04
   1.0867080e+04
   1.0892720e+04
   1.0924000e+04
   1.0928160e+04
   1.0948680e+04
   1.0981640e+04
   1.1011380e+04
   1.1019880e+04
   1.1037740e+04
   1.1041720e+04
   1.1060500e+04
   1.1067500e+04
   1.1107100e+04
   1.1155240e+04
   1.1207000e+04
   1.1221320e+04
   1.1254200e+04
   1.1269020e+04
   1.1306800e+04
   1.1315080e+04
   1.1338380e+04
   1.1388280e+04
   1.1398860e+04
   1.1406860e+04
   1.1416920e+04
   1.1473160e+04
   1.1566720e+04
   1.1593600e+04
   1.1625920e+04
   1.1631680e+04
   1.1673140e+04
   1.1680420e+04
   1.1698240e+04
   1.1703040e+04
   1.1711380e+04
   1.1728340e+04
   1.1738400e+04
   1.1760280e+04
   1.1786680e+04
   1.1823960e+04
   1.1863160e+04
   1.1866880e+04
   1.1871400e+04
   1.1878140e+04
   1.1890360e+04
   1.1896480e+04
   1.1904280e+04
   1.1908840e+04
   1.1914120e+04
   1.1917980e+04
   1.1921400e+04
   1.1930400e+04
   1.1946060e+04
   1.1978500e+04
   1.1981860e+04
   1.2025040e+04
   1.2028620e+04
   1.2040540e+04
   1.2056340e+04
   1.2060340e+04
   1.2109940e+04
   1.2128240e+04
   1.2145540e+04
   1.2151180e+04
   1.2173100e+04
   1.2192680e+04
   1.2202340e+04
   1.2206300e+04
   1.2211420e+04
   1.2214980e+04
   1.2236040e+04
   1.2242820e+04
   1.2264620e+04
   1.2286320e+04
   1.2312840e+04
   1.2339340e+04
   1.2351200e+04
   1.2383120e+04
   1.2406960e+04
   1.2438600e+04
   1.2450200e+04
   1.2516040e+04
   1.2561920e+04
   1.2579740e+04
   1.2588720e+04
   1.2614120e+04
   1.2642080e+04
   1.2648260e+04
   1.2723640e+04
   1.2729840e+04
   1.2740320e+04
   1.2765080e+04
   1.2785520e+04
   1.2823440e+04
   1.2830460e+04
   1.2855780e+04
   1.2886380e+04
   1.2908140e+04
   1.2915140e+04
   1.2933820e+04
   1.2952300e+04
   1.2972640e+04
   1.2983840e+04
   1.2998520e+04
   1.3009720e+04
   1.3019180e+04
   1.3042560e+04
   1.3091780e+04
   1.3126980e+04
   1.3149420e+04
   1.3164720e+04
   1.3182960e+04
   1.3187700e+04
   1.3191060e+04
   1.3195020e+04
   1.3207160e+04
   1.3211680e+04
   1.3221660e+04
   1.3226700e+04
   1.3235360e+04
   1.3238980e+04
   1.3254860e+04
   1.3288080e+04
   1.3291880e+04
   1.3297360e+04
   1.3302240e+04
   1.3309240e+04
   1.3319860e+04
   1.3343360e+04
   1.3352360e+04
   1.3379780e+04
   1.3386200e+04
   1.3389700e+04
   1.3411660e+04
   1.3456400e+04
   1.3463480e+04
   1.3490660e+04
   1.3499040e+04
   1.3509600e+04
   1.3521220e+04
   1.3533180e+04
   1.3538940e+04
   1.3542580e+04
   1.3555020e+04
   1.3591120e+04
   1.3611260e+04
   1.3641520e+04
   1.3648840e+04
   1.3654500e+04
   1.3680320e+04
   1.3694120e+04
   1.3716760e+04
   1.3727460e+04
   1.3730760e+04
   1.3742360e+04
   1.3750060e+04
   1.3777640e+04
   1.3817480e+04
   1.3833260e+04
   1.3860220e+04
   1.3864640e+04
   1.3873520e+04
   1.3912780e+04
   1.3923500e+04
   1.3927300e+04
   1.3936380e+04
   1.3972600e+04
   1.3981780e+04
   1.3999060e+04
   1.4005120e+04
   1.4019300e+04
   1.4029040e+04
   1.4061820e+04
   1.4097780e+04
   1.4105420e+04
   1.4114840e+04
   1.4161660e+04
   1.4166460e+04
   1.4172880e+04
   1.4203040e+04
   1.4246720e+04
   1.4253200e+04
   1.4263380e+04
   1.4311200e+04
   1.4314840e+04
   1.4339180e+04
   1.4346220e+04
   1.4367980e+04
   1.4377440e+04
   1.4388140e+04
   1.4392000e+04
   1.4397920e+04
   1.4410180e+04
   1.4427380e+04
   1.4453820e+04
   1.4460860e+04
   1.4478660e+04
   1.4483620e+04
   1.4489780e+04
   1.4499760e+04
   1.4517600e+04
   1.4555420e+04
   1.4559380e+04
   1.4563160e+04
   1.4566640e+04
   1.4587440e+04
   1.4612680e+04
   1.4617920e+04
   1.4624500e+04
   1.4647340e+04
   1.4652820e+04
   1.4684780e+04
   1.4699000e+04
   1.4720260e+04
   1.4725720e+04
   1.4732020e+04
   1.4743840e+04
   1.4749740e+04
   1.4754320e+04
   1.4771500e+04
   1.4780580e+04
   1.4795260e+04
   1.4817840e+04
   1.4829560e+04
   1.4861680e+04
   1.4888840e+04
   1.4892720e+04
   1.4896560e+04
   1.4926760e+04
   1.4954100e+04
   1.4981940e+04
   1.4986800e+04
   1.4997780e+04
   1.5002940e+04
   1.5006880e+04
   1.5010680e+04
   1.5017460e+04
   1.5020980e+04
   1.5026580e+04
   1.5031200e+04
   1.5048280e+04
   1.5072060e+04
   1.5096360e+04
   1.5107200e+04
   1.5115600e+04
   1.5150140e+04
   1.5203320e+04
   1.5214300e+04
   1.5242160e+04
   1.5245740e+04
   1.5309660e+04
   1.5331080e+04
   1.5346140e+04
   1.5369360e+04
   1.5404500e+04
   1.5449460e+04
   1.5458160e+04
   1.5463800e+04
   1.5481120e+04
   1.5512700e+04
   1.5542900e+04
   1.5560040e+04
   1.5572620e+04
   1.5580440e+04
   1.5586360e+04
   1.5589840e+04
   1.5594460e+04
   1.5612260e+04
   1.5622980e+04
   1.5627700e+04
   1.5652360e+04
   1.5674520e+04
   1.5678860e+04
   1.5696180e+04
   1.5707540e+04
   1.5710560e+04
   1.5717860e+04
   1.5736520e+04
   1.5740040e+04
   1.5774520e+04
   1.5778780e+04
   1.5801980e+04
   1.5824980e+04
   1.5828720e+04
   1.5854860e+04
   1.5858080e+04
   1.5893360e+04
   1.5898320e+04
   1.5902080e+04
   1.5928240e+04
   1.5932900e+04
   1.5980160e+04
   1.5986960e+04
   1.6012600e+04
   1.6016080e+04
   1.6051140e+04
   1.6086300e+04
   1.6093060e+04
   1.6100100e+04
   1.6129900e+04
   1.6134900e+04
   1.6138200e+04
   1.6149840e+04
   1.6170860e+04
   1.6208660e+04
   1.6212780e+04
   1.6233740e+04
   1.6244680e+04
   1.6257620e+04
   1.6300840e+04
   1.6325100e+04
   1.6355480e+04
   1.6361880e+04
   1.6367980e+04
   1.6414840e+04
   1.6419360e+04
   1.6433980e+04
   1.6452960e+04
   1.6463080e+04
   1.6480900e+04
   1.6485960e+04
   1.6507300e+04
   1.6517860e+04
   1.6521500e+04
   1.6559600e+04
   1.6563100e+04
   1.6566760e+04
   1.6575960e+04
   1.6588960e+04
   1.6616800e+04
   1.6629420e+04
   1.6654400e+04
   1.6658000e+04
   1.6662380e+04
   1.6666820e+04
   1.6678020e+04
   1.6700660e+04
   1.6709820e+04
   1.6721280e+04
   1.6732820e+04
   1.6739180e+04
   1.6754920e+04
   1.6767660e+04
   1.6775900e+04
   1.6780040e+04
   1.6794700e+04
   1.6818880e+04
   1.6824620e+04
   1.6857380e+04
   1.6903540e+04
   1.6908060e+04
   1.6942280e+04
   1.6948080e+04
   1.6956360e+04
   1.6960360e+04
   1.6976260e+04
   1.6996440e+04
   1.7002680e+04
   1.7018700e+04
   1.7031080e+04
   1.7042360e+04
   1.7069100e+04
   1.7076560e+04
   1.7087440e+04
   1.7111000e+04
   1.7116440e+04
   1.7134780e+04
   1.7171580e+04
   1.7176300e+04
   1.7187640e+04
   1.7199940e+04
   1.7230660e+04
   1.7235040e+04
   1.7249500e+04
   1.7270260e+04
   1.7279000e+04
   1.7354380e+04
   1.7362440e+04
   1.7394700e+04
   1.7403980e+04
   1.7466780e+04
   1.7540120e+04
   1.7555980e+04
   1.7560280e+04
   1.7569960e+04
   1.7576620e+04
   1.7585660e+04
   1.7596260e+04
   1.7616420e+04
   1.7628280e+04
   1.7642180e+04
   1.7678900e+04
   1.7706840e+04
   1.7725660e+04
   1.7738040e+04
   1.7742020e+04
   1.7762340e+04
   1.7774860e+04
   1.7783680e+04
   1.7796820e+04
   1.7801440e+04
   1.7806560e+04
   1.7847480e+04
   1.7905440e+04
   1.7919340e+04
   1.7922700e+04
   1.7942660e+04
   1.7974920e+04
   1.7984440e+04
   1.7996540e+04
   1.8001120e+04
   1.8008240e+04
   1.8012640e+04
   1.8038260e+04
   1.8041700e+04
   1.8084460e+04
   1.8088080e+04
   1.8104560e+04
   1.8115460e+04
   1.8133420e+04
   1.8166860e+04
   1.8172740e+04
   1.8191160e+04
   1.8196060e+04
   1.8208780e+04
   1.8245720e+04
   1.8249140e+04
   1.8268680e+04
   1.8283240e+04
   1.8304780e+04
   1.8314560e+04
   1.8323580e+04
   1.8329780e+04
   1.8334500e+04
   1.8346700e+04
   1.8353880e+04
   1.8384880e+04
   1.8406200e+04
   1.8451480e+04
   1.8459380e+04
   1.8486560e+04
   1.8493200e+04
   1.8501040e+04
   1.8511580e+04
   1.8520780e+04
   1.8540980e+04
   1.8547120e+04
   1.8552140e+04
   1.8557740e+04
   1.8596920e+04
   1.8602640e+04
   1.8626080e+04
   1.8638200e+04
   1.8651420e+04
   1.8663300e+04
   1.8766080e+04
   1.8775100e+04
   1.8782820e+04
   1.8792460e+04
   1.8827580e+04
   1.8839240e+04
   1.8858120e+04
   1.8862500e+04
   1.8875900e+04
   1.8880240e+04
   1.8905900e+04
   1.8920720e+04
   1.8962660e+04
   1.8965720e+04
   1.8976000e+04
   1.8986460e+04
   1.8990860e+04
   1.9083520e+04
   1.9094200e+04
   1.9117320e+04
   1.9129900e+04
   1.9134200e+04
   1.9149360e+04
   1.9171280e+04
   1.9185040e+04
   1.9191760e+04
   1.9196900e+04
   1.9201140e+04
   1.9235600e+04
   1.9240740e+04
   1.9251940e+04
   1.9273920e+04
   1.9281460e+04
   1.9296800e+04
   1.9324420e+04
   1.9331380e+04
   1.9365940e+04
   1.9371860e+04
   1.9397840e+04
   1.9407820e+04
   1.9452360e+04
   1.9475300e+04
   1.9489240e+04
   1.9494800e+04
   1.9515420e+04
   1.9524540e+04
   1.9536220e+04
   1.9541520e+04
   1.9546380e+04
   1.9559440e+04
   1.9627560e+04
   1.9644860e+04
   1.9678880e+04
   1.9693220e+04
   1.9700340e+04
   1.9716260e+04
   1.9724840e+04
   1.9738240e+04
   1.9767700e+04
   1.9785080e+04
   1.9803940e+04
   1.9838680e+04
   1.9870180e+04
   1.9885560e+04
   1.9908540e+04
   1.9924420e+04
   1.9945860e+04
   1.9964480e+04
